

T_vals: [294.65+/-1.0 294.75+/-1.0 294.84999999999997+/-1.0]
T_C: 21.60+/-0.08
T: 294.75+/-0.08
a: 12.46+/-0.05
b: -0.03+/-0.09
n_theo: 1.000022253+/-0.000000022
1.0002770+/-0.0000013

Luft: n_theo 1.00027653
Glas: n = 1.5115
n = 1.4853
n = 1.4570 (fused quartz)
n = 1.5216
n = 1.4996
n = 1.5038
n = 1.7472
n = 1.5151
n = 1.6671
n = 1.8449
n \in [1.4570, 1.8449]