

T_vals: [294.65+/-1.0 294.75+/-1.0 294.84999999999997+/-1.0]
T_C: 21.60+/-0.08
T: 294.75+/-0.08
a: 12.46+/-0.05
b: -0.03+/-0.09
n_theo: 1.000022253+/-0.000000022
1.0002770+/-0.0000013

Luft: n_theo 1.00027653
Glas: n = 1.5115
n = 1.4853
n = 1.4570 (fused quartz)
n = 1.5216
n = 1.4996
n = 1.5038
n = 1.7472
n = 1.5151
n = 1.6671
n = 1.8449
n \in [1.4570, 1.8449]

rel. Abweichungen
Air:
n_air_exp1 mit n_air= 1.00027653: $\Delta n_air_1= 0.014285927290310864\,\%$
n_air_exp2 mit n_air= 1.00027653: $\Delta n_air_2= 5.015081606804556e-05\%$
Glass:
n_glas_exp mit n_glass=[1.457, 1.8449]: $\Delta n_glass= [2.341376418836785, 19.176440217765077],\%$